BlueSpruce_RT_Winter.spt
Leaves
0.4925, 0.4925, 0.0075, 0.4925, 0.0075, 0.0075, 0.4925, 0.0075
Fronds
0.4925, 0.4925, 0.0075, 0.4925, 0.0075, 0.0075, 0.4925, 0.0075
Billboards
0.807813, 0.488438, 0.504687, 0.488438, 0.504687, 0.245937, 0.807813, 0.245937
0.307813, 0.74625, 0.0046875, 0.74625, 0.0046875, 0.50375, 0.307813, 0.50375
0.620313, 0.74625, 0.317187, 0.74625, 0.317187, 0.50375, 0.620313, 0.50375
0.932813, 0.74625, 0.629687, 0.74625, 0.629687, 0.50375, 0.932813, 0.50375
0.307813, 0.99625, 0.0046875, 0.99625, 0.0046875, 0.75375, 0.307813, 0.75375
0.620313, 0.99625, 0.317187, 0.99625, 0.317187, 0.75375, 0.620313, 0.75375
0.9925, 0.238555, 0.5075, 0.238555, 0.5075, 0.00363281, 0.9925, 0.00363281
